1:60,2,8,3,4,5,6,7,
2:60,1,8,61,3,49,4,5,6,7,
3:61,2,49,62,4,50,5,6,1,7,60,
4:3,2,1,50,62,5,6,7,45,61,49,51,63,
5:62,4,3,2,1,6,7,63,51,50,46,
6:63,5,4,3,2,1,51,64,52,7,75,74,48,46,
7:6,5,4,3,2,1,64,52,75,74,51,
49:61,2,3,60,43,44,4,62,
50:4,62,3,5,45,44,
51:46,5,6,63,4,47,64,
52:47,6,7,64,63,48,74,5,
8:1,2,60,9,
9:10,11,8,60,37,38,39,53,54,55,73,
10:9,37,38,39,53,54,55,73,11,12,13,14,15,16,17,18,19,
11:10,9,37,38,39,53,54,55,73,
43:49,3,61,38,
44:49,50,39,
53:39,38,37,9,10,11,54,55,73,
37:9,10,11,38,39,40,53,54,55,73,
38:37,9,10,11,39,53,54,55,73,41,43,
39:41,38,43,42,44,53,54,55,73,37,9,10,11,
12:30,21,13,14,15,16,10,17,18,19,20,
13:12,10,14,15,16,17,18,19,20,22,31,
14:32,23,13,12,10,15,16,17,18,19,20,
15:33,24,14,13,12,10,16,17,18,19,20,
16:34,25,15,14,13,12,10,17,18,19,20,
17:35,26,16,15,14,13,12,18,19,20,
18:36,27,17,16,15,14,13,12,10,19,20,
19:18,17,16,15,14,13,12,10,20,28,
20:29,19,18,17,16,15,14,13,12,10,
40:37,
41:38,
42:39,
21:12,
22:13,
23:14,
24:15,
25:16,
26:17,
27:18,
28:19,
29:20,
30:12,
31:13,
32:14,
33:15,
34:16,
35:17,
36:18,
45:50,53,54,
46:51,5,54,63,
47:51,55,5,52,7,74,
48:55,52,6,63,64,
54:53,39,38,37,9,10,11,55,73,
55:73,56,57,58,59,47,54,53,39,38,37,9,10,11,68,
56:68,55,69,57,58,59,
57:71,58,59,56,55,
68:56,55,47,69,70,
69:56,68,
70:57,56,
71:57,
72:57,58,
58:59,57,56,55,72,
59:66,65,67,
66:59,65,67,
65:59,66,67,
67:66,59,65,
84:85,
85:73,135,
73:55,54,53,39,38,37,9,10,11,86,87,88,91,92,93,95,96,
86:73,55,54,53,39,38,37,9,10,11,129,87,88,91,92,93,95,96,
87:130,88,91,92,93,95,96,86,73,55,54,53,39,38,37,9,10,11,
88:131,89,87,86,73,55,54,53,39,38,37,9,10,11,91,92,93,95,96,
89:90,
90:89,
91:92,93,95,96,88,87,86,73,55,54,53,39,38,37,9,10,11,
92:128,93,95,96,91,88,87,86,73,55,54,53,39,38,37,9,10,11,
93:94,95,96,92,91,88,87,86,73,55,54,53,39,38,37,9,10,11,
94:93,95,
95:96,93,92,91,88,87,86,73,55,54,53,39,38,37,9,10,11,
96:95,93,92,91,88,87,86,73,55,54,53,39,38,37,9,10,11,
97:96,101,98,
98:99,97,100,
101:97,100,
99:98,100,
100:101,102,103,104,105,106,114,
102:103,104,105,106,114,100,101,
103:102,100,101,104,105,106,114,
104:105,106,114,103,102,100,101,
105:106,114,104,103,102,100,101,
106:105,104,103,102,100,101,114,107,121,122,
107:106,108,109,110,121,122,
108:107,109,110,
109:110,108,107,
110:112,111,113,109,108,107,
112:110,111,113,
111:112,110,113,
113:111,112,110,
114:106,105,104,103,102,100,101,115,116,117,118,119,120,
115:114,116,117,118,119,120,
116:115,114,117,118,119,120,
117:116,115,114,118,119,120,
118:117,116,115,114,119,120,
119:118,117,116,115,114,120,
120:122,119,118,117,116,115,114,
122:120,121,106,107,
121:122,106,107,
123:101,97,
130:87,125,78,138,143,
129:86,87,124,77,137,142,
131:88,89,126,125,80,78,140,137,
132:91,88,126,80,139,145,79,138,
133:91,127,81,140,146,
134:127,128,91,92,80,139,83,
128:134,83,82,92,141,81,140,
83:141,82,128,
141:82,128,92,
82:83,141,128,92,81,80,79,78,77,76,
81:127,133,82,128,141,83,140,80,79,78,77,76,139,126,
80:140,81,127,82,83,139,126,132,79,78,77,76,
79:139,126,80,81,82,83,78,77,76,138,125,132,145,
78:138,125,130,79,80,81,82,83,77,76,137,124,143,131,
77:124,137,76,78,79,80,81,82,83,129,142,136,
76:136,77,78,79,80,81,82,83,
127:81,133,134,80,140,146,82,141,
140:146,147,226,81,80,126,127,133,82,128,
126:132,80,79,131,139,145,81,140,
125:130,78,79,139,138,143,77,131,
124:129,77,137,78,142,
137:142,77,78,125,76,
138:125,130,78,79,126,143,
142:137,218,143,144,145,146,
143:138,78,125,130,142,144,145,146,
144:143,142,145,146,138,78,
145:139,146,144,143,142,79,80,126,132,
139:79,80,126,132,145,125,130,81,127,
135:75,73,85,
75:135,7,6,64,
74:136,7,52,6,75,
136:76,218,74,7,77,52,
218:136,217,216,215,198,142,143,144,145,146,
146:140,81,145,144,143,142,218,198,147,226,127,133,
64:198,6,52,48,7,75,
198:196,64,218,
63:196,5,6,52,197,51,46,
197:195,62,63,
62:194,4,50,45,5,51,197,
194:62,4,50,45,
61:3,193,49,2,8,43,4,50,
60:1,8,2,49,
193:61,3,49,43,
195:197,
196:199,63,198,5,51,46,
199:196,200,
200:216,217,201,199,
201:200,202,217,216,
202:201,203,
203:204,202,
216:217,215,200,199,201,218,214,
217:216,218,215,214,
215:214,216,217,218,
189:190,186,
190:189,191,192,
191:190,
192:190,
186:189,185,187,188,205,
205:186,206,187,188,
187:186,205,188,
188:187,186,205,230,
230:188,
185:186,184,
184:185,183,206,
183:184,182,
182:183,181,207,
181:180,182,
180:181,179,208,
179:180,178,
178:177,179,209,
177:176,178,
176:175,177,210,228,229,
206:184,205,207,
207:206,208,182,
208:207,209,180,
209:208,210,204,178,211,212,213,214,219,
228:176,210,229,
229:231,228,
231:229,
210:204,209,211,212,213,214,219,176,228,229,
175:176,174,211,
174:175,173,211,
173:172,174,212,
172:171,173,212,
171:170,172,213,
170:167,171,214,215,216,217,218,219,
167:168,169,219,166,170,214,
168:169,167,219,
169:168,167,219,
232:229,231,
233:169,234,
234:169,233,
166:165,167,
165:166,164,220,
164:165,163,220,
163:164,162,221,220,
162:163,161,222,
161:162,160,223,222,
160:161,159,223,
159:160,158,224,
158:159,157,224,
157:158,156,
235:157,225,156,
156:235,155,
155:156,154,226,
154:153,155,227,
153:149,154,
149:153,148,150,
150:149,148,151,152,
151:152,150,
152:150,151,
148:149,147,227,226,225,150,
147:148,227,146,140,127,133,226,
227:147,146,226,154,
226:227,155,225,147,148,146,140,
225:235,226,224,
224:159,225,223,222,
223:224,222,161,160,221,220,
222:223,224,221,162,220,219,214,213,212,211,
221:163,220,222,223,219,
220:219,214,213,212,211,221,222,223,164,165,
219:214,220,221,215,170,167,213,212,211,210,209,
214:167,170,213,219,215,216,217,218,220,212,211,210,209,
213:212,214,215,219,171,211,210,209,
212:213,172,211,210,173,209,
211:174,210,212,213,214,175,209,
204:203,210,177,209,
236:205,193,186,
